0
0.011343
0.022687
0.03403
0.045373
0.056716
0.068059
0.079402
0.090744
0.10209
0.11343
0.12477
0.13611
0.14745
0.15879
0.17012
0.18146
0.1928
0.20413
0.21546
0.22679
0.23812
0.24944
0.26076
0.27208
0.28339
0.29471
0.30601
0.31732
0.32861
0.33991
0.3512
0.36248
0.37376
0.38503
0.39629
0.40755
0.4188
0.43004
0.44128
0.4525
0.46372
0.47492
0.48612
0.4973
0.50848
0.51964
0.53079
0.54193
0.55305
0.56416
0.57526
0.58634
0.59741
0.60846
0.61949
0.63051
0.64151
0.65249
0.66345
0.67439
0.68531
0.69621
0.70709
0.71794
0.72878
0.73958
0.75037
0.76113
0.77186
0.78257
0.79324
0.80389
0.81452
0.82511
0.83567
0.8462
0.85669
0.86716
0.87759
0.88799
0.89835
0.90867
0.91896
0.92921
0.93942
0.94959
0.95972
0.96981
0.97985
0.98986
0.99982
1.0097
1.0196
1.0294
1.0392
1.0489
1.0586
1.0682
1.0778
1.0873
1.0968
1.1062
1.1156
1.1249
1.1341
1.1433
1.1525
1.1615
1.1705
1.1795
1.1884
1.1972
1.206
1.2147
1.2233
1.2318
1.2403
1.2488
1.2571
1.2654
1.2736
1.2817
1.2898
1.2978
1.3057
1.3136
1.3213
1.329
1.3366
1.3441
1.3516
1.3589
1.3662
1.3734
1.3805
1.3875
1.3945
1.4013
1.4081
1.4147
1.4213
1.4278
1.4342
1.4405
1.4467
1.4529
1.4589
1.4648
1.4706
1.4764
1.482
1.4876
1.493
1.4983
1.5036
1.5087
1.5137
1.5187
1.5235
1.5282
1.5329
1.5374
1.5418
1.5461
1.5503
1.5544
1.5583
1.5622
1.566
1.5696
1.5732
1.5766
1.5799
1.5831
1.5862
1.5892
1.592
1.5948
1.5974
1.5999
1.6024
1.6046
1.6068
1.6089
1.6108
1.6127
1.6144
1.616
1.6174
1.6188
1.62
1.6212
1.6222
1.6231
1.6238
1.6245
1.625
1.6254
1.6257
1.6259
1.626
